-1.996989898989899 298.9600338593729
-1.993979797979798 149.4633562426863
-1.990969696969697 99.63110808936973
-1.987959595959596 74.71496725155635
-1.984949494949495 59.765269299518
-1.981939393939394 49.7987927565391
-1.978929292929293 42.67987127534169
-1.9759191919191919 37.34067168218218
-1.972909090909091 33.18795332489051
-1.9698989898989898 29.865771812080457
-1.966888888888889 27.147617076431366
-1.9638787878787878 24.882482406325504
-1.9608686868686869 22.965824693655627
-1.957858585858586 21.322970289712792
-1.9548484848484848 19.899158518720398
-1.951838383838384 18.653318873792802
-1.9488282828282828 17.554044496672397
-1.945818181818182 16.57690783088891
-1.9428080808080808 15.702623963393478
-1.9397979797979799 14.915764963703618
-1.9367878787878787 14.203841554720057
-1.9337777777777778 13.556635236958053
-1.9307676767676767 12.965704641239299
-1.9277575757575758 12.424015293211578
-1.9247474747474747 11.925658234383052
-1.9217373737373737 11.465633576764596
-1.9187272727272726 11.039682156479978
-1.9157171717171717 10.644153261602925
-1.9127070707070706 10.27589972664811
-1.9096969696969697 9.932194008164391
-1.9066868686868688 9.610660503761226
-1.9036767676767676 9.309220561317874
-1.9006666666666667 9.026047486518193
-1.8976565656565656 8.759529490232037
-1.8946464646464647 8.508238987774408
-1.8916363636363636 8.270907014954462
-1.8886262626262627 8.046401792873601
-1.8856161616161615 7.833710677228862
-1.8826060606060606 7.631924884646812
-1.8795959595959595 7.440226510067108
-1.8765858585858586 7.257877444021377
-1.8735757575757575 7.084209873157758
-1.8705656565656565 6.918618106273848
-1.8675555555555556 6.760551514981331
-1.8645454545454545 6.609508415615445
-1.8615353535353536 6.46503074915626
-1.8585252525252525 6.32669944030882
-1.8555151515151516 6.19413033669844
-1.8525050505050504 6.066970645307217
-1.8494949494949495 5.944895796538328
-1.8464848484848484 5.827606677213778
-1.8434747474747475 5.714827182841796
-1.8404646464646464 5.6063020469858795
-1.8374545454545455 5.501794911815202
-1.8344444444444443 5.401086609140297
-1.8314343434343434 5.303973625623608
-1.8284242424242425 5.210266729546723
-1.8254141414141414 5.1197897396362295
-1.8224040404040405 5.0323784190937255
-1.8193939393939393 4.94787948022276
-1.8163838383838384 4.86614968696142
-1.8133737373737373 4.787055044266495
-1.8103636363636364 4.710470064699256
-1.8073535353535353 4.6362771037687125
-1.8043434343434344 4.564365756627897
-1.8013333333333332 4.494632309615851
-1.7983232323232323 4.426979240915344
-1.7953131313131312 4.361314765270105
-1.7923030303030303 4.297552418291967
-1.7892929292929294 4.235610676398728
-1.7862828282828283 4.17541260887
-1.7832727272727271 4.1168855588984
-1.7802626262626262 4.059960850855684
-1.7772525252525253 4.0045735212940645
-1.7742424242424242 3.9506620714674394
-1.7712323232323233 3.898168239390423
-1.7682222222222221 3.8470367896589646
-1.7652121212121212 3.7972153194386746
-1.76220202020202 3.748654079188154
-1.7591919191919192 3.7013058068281297
-1.756181818181818 3.6551255741943005
-1.7531717171717172 3.610070644725397
-1.750161616161616 3.5661003414387955
-1.7471515151515151 3.5231759243364995
-1.744141414141414 3.4812604764647617
-1.741131313131313 3.4403187979230863
-1.7381212121212122 3.40031730718291
-1.735111111111111 3.3612239491345806
-1.7321010101010101 3.32300810933342
-1.729090909090909 3.2856405339626806
-1.726080808080808 3.2490932550737193
-1.723070707070707 3.21333952070176
-1.720060606060606 3.178353729490363
-1.717050505050505 3.144111369488761
-1.714040404040404 3.1105889608146584
-1.7110303030303031 3.077764001900577
-1.708020202020202 3.0456149190651884
-1.7050101010101009 3.0141210191721135
-1.702 2.983262445157878
-1.698989898989899 2.9530201342281885
-1.695979797979798 2.923375778537607
-1.6929696969696968 2.894311788182185
-1.6899595959595959 2.8658112563478566
-1.686949494949495 2.837857926469504
-1.6839393939393938 2.8104361612666504
-1.680929292929293 2.783530913531857
-1.6779191919191918 2.757127698557128
-1.674909090909091 2.7312125680922144
-1.6718989898989898 2.7057720857363727
-1.6688888888888889 2.6807933036724227
-1.6658787878787877 2.6562637406583915
-1.6628686868686868 2.6321713611982065
-1.659858585858586 2.6085045558183424
-1.6568484848484848 2.585252122382554
-1.6538383838383837 2.5624032483814956
-1.6508282828282828 2.5399474941383806
-1.6478181818181818 2.5178747768758942
-1.6448080808080807 2.496175355593266
-1.6417979797979798 2.474839816705846
-1.6387878787878787 2.4538590604026838
-1.6357777777777778 2.4332242876806176
-1.6327676767676766 2.412926988016002
-1.6297575757575757 2.3929589276378405
-1.6267474747474746 2.373312138368323
-1.6237373737373737 2.353978906999041
-1.6207272727272728 2.334951765173073
-1.6177171717171717 2.316223479745098
-1.6147070707070705 2.297787043593374
-1.6116969696969696 2.2796356668590625
-1.6086868686868687 2.2617627685898922
-1.6056767676767676 2.244161968766557
-1.6026666666666667 2.2268270806915536
-1.5996565656565656 2.2097521037213683
-1.5966464646464646 2.192931216324102
-1.5936363636363635 2.176358769445629
-1.5906262626262626 2.1600292801684433
-1.5876161616161615 2.1439374256481973
-1.5846060606060606 2.1280780373138923
-1.5815959595959597 2.1124460953183997
-1.5785858585858585 2.0970367232268274
-1.5755757575757574 2.0818451829309135
-1.5725656565656565 2.066866869778298
-1.5695555555555556 2.052097307906162
-1.5665454545454545 2.0375321457693025
-1.5635353535353533 2.0231671518532495
-1.5605252525252524 2.0089982105635524
-1.5575151515151515 1.9950213182828545
-1.5545050505050504 1.9812325795878114
-1.5514949494949495 1.9676282036183568
-1.5484848484848484 1.9542045005921826
-1.5454747474747474 1.9409578784577313
-1.5424646464646463 1.9278848396792911
-1.5394545454545454 1.914981978148184
-1.5364444444444443 1.902245976214275
-1.5334343434343434 1.8896736018324105
-1.5304242424242425 1.877261705818594
-1.5274141414141413 1.865007219211027
-1.5244040404040402 1.852907150731365
-1.5213939393939393 1.8409585843417708
-1.5183838383838384 1.8291586768935764
-1.5153737373737373 1.8175046558635757
-1.5123636363636364 1.8059938171741603
-1.5093535353535352 1.7946235230936853
-1.5063434343434343 1.7833912002136623
-1.5033333333333332 1.7722943374994973
-1.5003232323232323 1.7613304844116944
-1.4973131313131312 1.7504972490945496
-1.4943030303030302 1.7397922966295447
-1.4912929292929293 1.7292133473507405
-1.4882828282828282 1.7187581752196308
-1.485272727272727 1.708424606257022
-1.4822626262626262 1.6982105170296073
-1.4792525252525253 1.6881138331890315
-1.4762424242424241 1.6781325280613342
-1.473232323232323 1.668264621284755
-1.470222222222222 1.6585081774939723
-1.4672121212121212 1.6488613050489476
-1.4642020202020203 1.6393221548066146
-1.4611919191919192 1.6298889189337427
-1.458181818181818 1.620559829759371
-1.4551717171717171 1.6113331586652806
-1.4521616161616162 1.6022072150130438
-1.449151515151515 1.5931803451062543
-1.446141414141414 1.5842509311865973
-1.443131313131313 1.5754173904624762
-1.4401212121212121 1.5666781741689733
-1.437111111111111 1.5580317666579742
-1.4341010101010099 1.5494766845173316
-1.431090909090909 1.5410114757179858
-1.428080808080808 1.5326347187880214
-1.425070707070707 1.5243450220126702
-1.422060606060606 1.5161410226593128
-1.419050505050505 1.5080213862265694
-1.416040404040404 1.4999848057166214
-1.413030303030303 1.4920300009299137
-1.410020202020202 1.4841557177814528
-1.4070101010101008 1.4763607276379298
-1.404 1.4686438266749233
-1.400989898989899 1.4610038352534864
-1.3979797979797979 1.453439597315436
-1.3949696969696967 1.4459499797966926
-1.3919595959595958 1.4385338720580436
-1.388949494949495 1.4311901853327305
-1.3859393939393938 1.423917852190284
-1.3829292929292927 1.4167158260160537
-1.3799191919191918 1.409583080505892
-1.3769090909090909 1.4025186091754853
-1.37389898989899 1.3955214248838412
-1.3708888888888888 1.3885905593704517
-1.3678787878787877 1.381725062805684
-1.3648686868686868 1.374924003353951
-1.3618585858585859 1.3681864667492443
-1.3588484848484848 1.3615115558826294
-1.3558383838383836 1.3548983904013003
-1.3528282828282827 1.348346106318825
-1.3498181818181818 1.3418538556362143
-1.3468080808080807 1.3354208059734705
-1.3437979797979795 1.3290461402112768
-1.3407878787878786 1.3227290561424996
-1.3377777777777777 1.3164687661331955
-1.3347676767676768 1.3102644967928236
-1.3317575757575757 1.3041154886533675
-1.3287474747474746 1.2980209958570925
-1.3257373737373737 1.2919802858526652
-1.3227272727272728 1.2859926390993723
-1.3197171717171716 1.2800573487791975
-1.3167070707070705 1.274173720516505
-1.3136969696969696 1.2683410721050983
-1.3106868686868687 1.2625587332424308
-1.3076767676767675 1.256826045270749
-1.3046666666666664 1.2511423609249597
-1.3016565656565655 1.2455070440870166
-1.2986464646464646 1.2399194695466293
-1.2956363636363635 1.2343790227681088
-1.2926262626262626 1.2288850996631695
-1.2896161616161614 1.2234371063694958
-1.2866060606060605 1.2180344590349275
-1.2835959595959596 1.212676583607073
-1.2805858585858585 1.2073629156282122
-1.2775757575757574 1.2020929000353229
-1.2745656565656565 1.1968659909650843
-1.2715555555555556 1.191681651563715
-1.2685454545454544 1.1865393538015065
-1.2655353535353533 1.1814385782919172
-1.2625252525252524 1.1763788141150942
-1.2595151515151515 1.1713595586456995
-1.2565050505050503 1.1663803173849177
-1.2534949494949492 1.161440603796529
-1.2504848484848483 1.1565399391469307
-1.2474747474747474 1.151677852348993
-1.2444646464646465 1.1468538798096564
-1.2414545454545454 1.1420675652811458
-1.2384444444444442 1.1373184597157229
-1.2354343434343433 1.1326061211238603
-1.2324242424242424 1.127930114435757
-1.2294141414141413 1.1232900113660964
-1.2264040404040402 1.118685390281965
-1.2233939393939393 1.1141158360738357
-1.2203838383838383 1.1095809400295447
-1.2173737373737372 1.105080299711172
-1.214363636363636 1.1006135188347554
-1.2113535353535352 1.0961802071527553
-1.2083434343434343 1.0917799803392
-1.2053333333333334 1.0874124598774437
-1.2023232323232322 1.0830772729504616
-1.199313131313131 1.0787740523336207
-1.1963030303030302 1.07450243628986
-1.1932929292929293 1.070262068467214
-1.1902828282828282 1.066052597798623
-1.187272727272727 1.0618736784039713
-1.1842626262626261 1.0577249694942883
-1.1812525252525252 1.0536061352780657
-1.178242424242424 1.0495168448696321
-1.175232323232323 1.0454567721995338
-1.172222222222222 1.0414255959268686
-1.1692121212121211 1.0374229993535249
-1.16620202020202 1.0334486703402792
-1.163191919191919 1.0295023012247027
-1.160181818181818 1.0255835887408304
-1.157171717171717 1.021692233940556
-1.1541616161616162 1.0178279421166974
-1.151151515151515 1.0139904227277048
-1.148141414141414 1.0101793893239601
-1.145131313131313 1.0063945594756345
-1.142121212121212 1.0026356547020623
-1.139111111111111 0.9989024004025977
-1.1361010101010098 0.9951945257889143
-1.133090909090909 0.9915117638187163
-1.130080808080808 0.9878538511308214
-1.127070707070707 0.98422052798159
-1.1240606060606058 0.9806115381826621
-1.1210505050505049 0.9770266290399737
-1.118040404040404 0.9734655512940191
-1.115030303030303 0.9699280590613341
-1.112020202020202 0.9664139097771657
-1.1090101010101008 0.9629228641393069
-1.1059999999999999 0.9594546860530611
-1.102989898989899 0.9560091425773152
-1.0999797979797978 0.9525860038716947
-1.0969696969696967 0.9491850431447744
-1.0939595959595958 0.9458060366033203
-1.090949494949495 0.9424487634025377
-1.0879393939393938 0.9391130055973059
-1.0849292929292926 0.9357985480943735
-1.0819191919191917 0.9325051786054926
-1.0789090909090908 0.9292326876014704
-1.07589898989899 0.9259808682671198
-1.0728888888888888 0.9227495164570851
-1.0698787878787877 0.9195384306525256
-1.0668686868686867 0.9163474119186347
-1.0638585858585858 0.9131762638629791
-1.0608484848484847 0.910024792594638
-1.0578383838383836 0.9068928066841241
-1.0548282828282827 0.9037801171240705
-1.0518181818181818 0.9006865372906621
-1.0488080808080806 0.8976118829058031
-1.0457979797979795 0.8945559719999964
-1.0427878787878786 0.8915186248759225
-1.0397777777777777 0.888499664072703
-1.0367676767676766 0.8854989143308328
-1.0337575757575757 0.8825162025577681
-1.0307474747474745 0.8795513577941511
-1.0277373737373736 0.8766042111806651
-1.0247272727272727 0.8736745959254995
-1.0217171717171716 0.8707623472724143
-1.0187070707070705 0.8678673024693943
-1.0156969696969695 0.8649893007378734
-1.0126868686868686 0.8621281832425227
-1.0096767676767675 0.8592837930615883
-1.0066666666666664 0.8564559751577681
-1.0036565656565655 0.8536445763496125
-1.0006464646464646 0.8508494452834445
-0.9976363636363634 0.8480704324057813
-0.9946262626262625 0.8453073899362529
-0.9916161616161614 0.8425601718410016
-0.9886060606060605 0.8398286338065588
-0.9855959595959594 0.8371126332141816
-0.9825858585858585 0.8344120291146478
-0.9795757575757573 0.8317266822034929
-0.9765656565656564 0.8290564547966837
-0.9735555555555553 0.8264012108067191
-0.9705454545454544 0.8237608157191493
-0.9675353535353535 0.8211351365695019
-0.9645252525252523 0.8185240419206126
-0.9615151515151514 0.8159274018403473
-0.9585050505050503 0.8133450878797077
-0.9554949494949494 0.8107769730513177
-0.9524848484848483 0.8082229318082752
-0.9494747474747474 0.8056828400233706
-0.9464646464646462 0.8031565749686553
-0.9434545454545453 0.8006440152953631
-0.9404444444444442 0.7981450410141683
-0.9374343434343433 0.7956595334757809
-0.9344242424242422 0.7931873753518672
-0.9314141414141413 0.7907284506162933
-0.9284040404040403 0.7882826445266814
-0.9253939393939392 0.7858498436062766
-0.9223838383838383 0.783429935626115
-0.9193737373737372 0.7810228095874876
-0.9163636363636363 0.778628355704698
-0.9133535353535351 0.7762464653881008
-0.9103434343434342 0.7738770312274246
-0.9073333333333331 0.7715199469753639
-0.9043232323232322 0.7691751075314454
-0.9013131313131311 0.7668424089261526
-0.8983030303030302 0.7645217483053144
-0.895292929292929 0.7622130239147422
-0.8922828282828281 0.7599161350851207
-0.889272727272727 0.7576309822171385
-0.8862626262626261 0.7553574667668627
-0.8832525252525252 0.7530954912313432
-0.880242424242424 0.7508449591344528
-0.8772323232323231 0.7486057750129502
-0.874222222222222 0.7463778444027651
-0.8712121212121211 0.7441610738255033
-0.86820202020202 0.7419553707751622
-0.8651919191919191 0.7397606437050593
-0.8621818181818179 0.7375768020149641
-0.859171717171717 0.7354037560384334
-0.8561616161616159 0.7332414170303436
-0.853151515151515 0.7310896971546195
-0.8501414141414139 0.7289485094721514
-0.847131313131313 0.7268177679289028
-0.844121212121212 0.7246973873441993
-0.8411111111111109 0.7225872833992001
-0.83810101010101 0.7204873726255463
-0.8350909090909089 0.7183975723941823
-0.832080808080808 0.7163178009043512
-0.8290707070707068 0.7142479771727537
-0.8260606060606059 0.7121880210228764
-0.8230505050505048 0.7101378530744777
-0.8200404040404039 0.7080973947332376
-0.8170303030303028 0.7060665681805577
-0.8140202020202019 0.7040452963635204
-0.8110101010101007 0.7020335029849938
-0.8079999999999998 0.7000311124938886
-0.8049898989898987 0.6980380500755565
-0.8019797979797978 0.696054241642335
-0.7989696969696969 0.6940796138242288
-0.7959595959595958 0.6921140939597313
-0.7929494949494948 0.6901576100867818
-0.7899393939393937 0.6882100909338515
-0.7869292929292928 0.686271465911167
-0.7839191919191917 0.6843416651020535
-0.7809090909090908 0.6824206192544131
-0.7778989898989896 0.6805082597723189
-0.7748888888888887 0.6786045187077362
-0.7718787878787876 0.6767093287523607
-0.7688686868686867 0.6748226232295744
-0.7658585858585856 0.6729443360865185
-0.7628484848484847 0.6710744018862775
-0.7598383838383835 0.6692127558001761
-0.7568282828282826 0.6673593336001865
-0.7538181818181817 0.6655140716514409
-0.7508080808080806 0.6636769069048521
-0.7477979797979797 0.6618477768898381
-0.7447878787878786 0.6600266197071467
-0.7417777777777776 0.6582133740217837
-0.7387676767676765 0.6564079790560378
-0.7357575757575756 0.6546103745826032
-0.7327474747474745 0.6528205009177976
-0.7297373737373736 0.6510382989148755
-0.7267272727272724 0.6492637099574308
-0.7237171717171715 0.6474966759528934
-0.7207070707070704 0.6457371393261125
-0.7176969696969695 0.6439850430130298
-0.7146868686868686 0.6422403304544365
-0.7116767676767675 0.6405029455898175
-0.7086666666666666 0.6387728328512776
-0.7056565656565654 0.6370499371575495
-0.7026464646464645 0.6353342039080846
-0.6996363636363634 0.6336255789772189
-0.6966262626262625 0.6319240087084221
-0.6936161616161614 0.6302294399086187
-0.6906060606060604 0.628541819842588
-0.6875959595959593 0.6268610962274358
-0.6845858585858584 0.625187217227141
-0.6815757575757573 0.6235201314471718
-0.6785656565656564 0.6218597879291754
-0.6755555555555552 0.6202061361457333
-0.6725454545454543 0.6185591259951891
-0.6695353535353534 0.6169187077965397
-0.6665252525252523 0.6152848322843948
-0.6635151515151514 0.6136574506040007
-0.6605050505050503 0.612036514306328
-0.6574949494949494 0.6104219753432221
-0.6544848484848482 0.6088137860626155
-0.6514747474747473 0.6072118992038017
-0.6484646464646462 0.6056162678927669
-0.6454545454545453 0.6040268456375838
-0.6424444444444442 0.6024435863238596
-0.6394343434343432 0.6008664442102443
-0.6364242424242421 0.5992953739239923
-0.6334141414141412 0.5977303304565816
-0.6304040404040401 0.5961712691593855
-0.6273939393939392 0.5946181457393978
-0.6243838383838383 0.5930709162550113
-0.6213737373737371 0.5915295371118477
-0.6183636363636362 0.5899939650586382
-0.6153535353535351 0.5884641571831533
-0.6123434343434342 0.5869400709081839
-0.6093333333333331 0.5854216639875679
-0.6063232323232322 0.5839088945022675
-0.603313131313131 0.5824017208564903
-0.6003030303030301 0.5809001017738596
-0.597292929292929 0.5794039962936267
-0.5942828282828281 0.577913363766931
-0.591272727272727 0.5764281638531018
-0.588262626262626 0.5749483565160044
-0.5852525252525251 0.5734739020204278
-0.582242424242424 0.5720047609285152
-0.5792323232323231 0.5705408940962347
-0.576222222222222 0.5690822626698916
-0.5732121212121211 0.5676288280826791
-0.5702020202020199 0.566180552051269
-0.567191919191919 0.564737396572441
-0.5641818181818179 0.5632993239197497
-0.561171717171717 0.5618662966402282
-0.5581616161616159 0.5604382775511302
-0.555151515151515 0.5590152297367061
-0.5521414141414138 0.5575971165450158
-0.5491313131313129 0.5561839015847759
-0.5461212121212118 0.5547755487222422
-0.5431111111111109 0.5533720220781246
-0.54010101010101 0.5519732860245361
-0.5370909090909088 0.5505793051819741
-0.5340808080808079 0.5491900444163341
-0.5310707070707068 0.5478054688359554
-0.5280606060606059 0.546425543788697
-0.5250505050505048 0.5450502348590441
-0.5220404040404039 0.5436795078652462
-0.5190303030303027 0.5423133288564824
-0.5160202020202018 0.5409516641100581
-0.5130101010101007 0.5395944801286283
-0.5099999999999998 0.5382417436374509
-0.5069898989898987 0.5368934215816656
-0.5039797979797978 0.5355494811236022
-0.5009696969696968 0.5342098896401134
-0.4979595959595957 0.5328746147199354
-0.4949494949494948 0.5315436241610737
-0.4919393939393937 0.5302168859682149
-0.48892929292929277 0.528894368350162
-0.48591919191919164 0.5275760397172955
-0.48290909090909073 0.5262618686790586
-0.4798989898989896 0.5249518240414645
-0.4768888888888887 0.5236458748046295
-0.47387878787878757 0.5223439901603263
-0.47086868686868666 0.5210461394895616
-0.46785858585858553 0.5197522923601743
-0.4648484848484846 0.5184624185244567
-0.4618383838383835 0.5171764879167958
-0.4588282828282826 0.5158944706513366
-0.4558181818181817 0.5146163370196641
-0.45280808080808055 0.5133420574885071
-0.44979797979797964 0.5120716026974612
-0.4467878787878785 0.5108049434567304
-0.4437777777777776 0.5095420507448892
-0.4407676767676765 0.5082828957066612
-0.43775757575757557 0.5070274496507184
-0.43474747474747444 0.5057756840474961
-0.43173737373737353 0.5045275705270271
-0.4287272727272724 0.5032830808767921
-0.4257171717171715 0.5020421870395877
-0.42270707070707036 0.50080486111141
-0.41969696969696946 0.499571075339355
-0.41668686868686833 0.49834080211953513
-0.4136767676767674 0.4971140139950107
-0.4106666666666665 0.4958906836537368
-0.4076565656565654 0.49467078392652464
-0.4046464646464645 0.4934542877850193
-0.40163636363636335 0.4922411683396883
-0.39862626262626244 0.4910313988378276
-0.3956161616161613 0.48982495266157894
-0.3926060606060604 0.4886218033259617
-0.3895959595959593 0.4874219244769167
-0.38658585858585837 0.4862252898893636
-0.38357575757575724 0.4850318734652701
-0.38056565656565633 0.48384164923173417
-0.3775555555555552 0.48265459133907596
-0.3745454545454543 0.4814706740589436
-0.3715353535353534 0.4802898717824287
-0.36852525252525226 0.4791121590181933
-0.36551515151515135 0.4779375103906072
-0.3625050505050502 0.4767659006378954
-0.3594949494949493 0.47559730461029637
-0.3564848484848482 0.4744316972682285
-0.3534747474747473 0.4732690536804682
-0.35046464646464615 0.47210934902233465
-0.34745454545454524 0.4709525585738858
-0.3444444444444441 0.4697986577181207
-0.3414343434343432 0.4686476219391922
-0.33842424242424207 0.46749942682062606
-0.33541414141414116 0.46635404804354874
-0.33240404040404004 0.4652114613849225
-0.32939393939393913 0.46407164271578716
-0.3263838383838382 0.46293456799950927
-0.3233737373737371 0.46180021329003795
-0.3203636363636362 0.4606685547301672
-0.31735353535353505 0.4595395685498028
-0.31434343434343415 0.4584132310642377
-0.311333333333333 0.4572895186724304
-0.3083232323232321 0.4561684078552903
-0.305313131313131 0.4550498751739665
-0.3023030303030301 0.45393389726814326
-0.29929292929292894 0.4528204508543375
-0.29628282828282804 0.45170951272420307
-0.2932727272727269 0.45060105974283615
-0.290262626262626 0.4494950688470869
-0.2872525252525251 0.4483915170438721
-0.28424242424242396 0.4472903814084922
-0.28123232323232306 0.44619163908295184
-0.2782222222222219 0.4450952672742799
-0.275212121212121 0.4440012432528556
-0.2722020202020199 0.44290954435073354
-0.269191919191919 0.44182014795997177
-0.26618181818181785 0.440733031530961
-0.26317171717171695 0.4396481725707551
-0.2601616161616158 0.4385655486414015
-0.2571515151515149 0.43748513735827355
-0.2541414141414138 0.43640691638840207
-0.25113131313131287 0.43533086344880684
-0.24812121212121174 0.4342569563048282
-0.24511111111111084 0.4331851727684585
-0.24210101010100993 0.43211549069667116
-0.2390909090909088 0.4310478879897493
-0.2360808080808079 0.42998234258961404
-0.23307070707070676 0.42891883247814855
-0.23006060606060585 0.4278573356755225
-0.22705050505050473 0.4267978302385118
-0.22404040404040382 0.4257402942588179
-0.2210303030303027 0.42468470586138185
-0.21802020202020178 0.4236310432026973
-0.21501010101010065 0.42257928446911763
-0.21199999999999974 0.4215294078751611
-0.20898989898989861 0.42048139166181
-0.2059797979797977 0.419435214094807
-0.20296969696969658 0.4183908534629447
-0.19995959595959567 0.4173482880763518
-0.19694949494949476 0.41630749626477215
-0.19393939393939363 0.4152684563758388
-0.19092929292929273 0.41423114677334205
-0.1879191919191916 0.4131955458354897
-0.1849090909090907 0.41216163195316163
-0.18189898989898956 0.4111293835281567
-0.17888888888888865 0.41009877897143204
-0.17587878787878752 0.40906979670133387
-0.17286868686868662 0.4080424151418214
-0.1698585858585855 0.40701661272067985
-0.16684848484848458 0.40599236786772697
-0.16383838383838345 0.404969659013008
-0.16082828282828254 0.403948464584982
-0.15781818181818164 0.4029287630086975
-0.1548080808080805 0.4019105327039577
-0.1517979797979796 0.4008937520834751
-0.14878787878787847 0.3998783995510136
-0.14577777777777756 0.39886445349952054
-0.14276767676767643 0.3978518923092446
-0.13975757575757553 0.39684069434584307
-0.1367474747474744 0.39583083795847407
-0.1337373737373735 0.39482230147787734
-0.13072727272727236 0.3938150632144393
-0.12771717171717145 0.3928091014562452
-0.12470707070707032 0.39180439446711546
-0.12169696969696941 0.3908009204846274
-0.11868686868686829 0.3897986577181207
-0.11567676767676738 0.38879758434668754
-0.11266666666666647 0.387797678517145
-0.10965656565656534 0.38679891834199087
-0.10664646464646443 0.38580128189734214
-0.1036363636363633 0.3848047472208545
-0.1006262626262624 0.3838092923096239
-0.09761616161616127 0.3828148951180682
-0.09460606060606036 0.3818215335557902
-0.09159595959595923 0.3808291854854187
-0.08858585858585832 0.3798378287204307
-0.0855757575757572 0.3788474410229506
-0.08256565656565629 0.3778580001015283
-0.07955555555555516 0.3768694836088944
-0.07654545454545425 0.37588186913969257
-0.07353535353535312 0.37489513422818777
-0.07052525252525221 0.37390925634595057
-0.0675151515151513 0.37292421289951594
-0.06450505050505018 0.3719399812280167
-0.06149494949494927 0.37095653860079125
-0.05848484848484814 0.3699738622149628
-0.05547474747474723 0.3689919291929932
-0.0524646464646461 0.3680107165802058
-0.049454545454545196 0.3670302013422818
-0.046444444444444066 0.36605036036272515
-0.04343434343434316 0.36507117044029785
-0.04042424242424203 0.3640926082864233
-0.03741414141414112 0.3631146505225585
-0.03440404040403999 0.3621372736775324
-0.031393939393939085 0.3611604541848521
-0.028383838383838178 0.3601841683799731
-0.02537373737373705 0.359208392497535
-0.02236363636363614 0.3582331026685618
-0.019353535353535012 0.3572582749176238
-0.016343434343434105 0.356283885159963
-0.013333333333332975 0.3553099091985787
-0.010323232323232068 0.35433632272127413
-0.007313131313130938 0.35336310129766224
-0.004303030303030031 0.35239022037612977
-0.0012929292929289016 0.3514176552807586
0.0017171717171722278 0.3504453812082042
0.004727272727273135 0.34947337322452854
0.0077373737373740425 0.34850160626198773
0.01074747474747495 0.34753005511577306
0.013757575757575857 0.34655869444070386
0.01676767676767721 0.3455874987478712
0.019777777777778116 0.3446164424012324
0.022787878787879023 0.34364549961415236
0.02579797979797993 0.342674644445894
0.028808080808081282 0.34170385079805415
0.03181818181818219 0.3407330924109446
0.0348282828282831 0.33976234285991636
0.037838383838384004 0.3387915755516262
0.040848484848485356 0.33782076372024483
0.04385858585858626 0.336849880423604
0.04686868686868717 0.3358788985392814
0.04987878787878808 0.33490779076062294
0.05288888888888943 0.33393652959269937
0.05589898989899034 0.3329650873481976
0.058909090909091244 0.3319934361432422
0.06191919191919215 0.33102154789314925
0.06492929292929306 0.33004939430810765
0.06793939393939441 0.32907694688878775
0.07094949494949532 0.3281041769218762
0.07395959595959622 0.32713105547553234
0.07696969696969713 0.32615755339476826
0.07997979797979848 0.32518364129674754
0.08298989898989939 0.32420928956600276
0.0860000000000003 0.3232344683495678
0.0890101010101012 0.32225914755202506
0.09202020202020256 0.32128329683046375
0.09503030303030346 0.3203068855893493
0.09804040404040437 0.3193298829752983
0.10105050505050528 0.31835225787176014
0.10406060606060619 0.31737397889360164
0.10707070707070754 0.3163950143815914
0.11008080808080845 0.31541533239678404
0.11309090909090935 0.3144349007147979
0.11610101010101026 0.3134536868199884
0.11911111111111161 0.3124716578995101
0.12212121212121252 0.31148878083726816
0.12513131313131343 0.31050502220775367
0.12814141414141433 0.3095203482697622
0.13115151515151569 0.30853472495999157
0.1341616161616166 0.3075481178865163
0.1371717171717175 0.3065604923221345
0.1401818181818184 0.3055718131975863
0.14319191919191931 0.3045820450946384
0.14620202020202067 0.30359115223903255
0.14921212121212157 0.302599098493295
0.15222222222222248 0.30160584734940077
0.1552323232323234 0.3006113619212934
0.15824242424242474 0.29961560493725226
0.16125252525252565 0.2986185387321071
0.16426262626262655 0.29762012523929265
0.16727272727272746 0.2966203259827421
0.1702828282828288 0.29561910206861286
0.17329292929292972 0.2946164141768441
0.17630303030303063 0.29361222255253516
0.17931313131313154 0.29260648699714803
0.1823232323232329 0.2915991668595231
0.1853333333333338 0.29059022102670745
0.1883434343434347 0.2895796079145875
0.1913535353535356 0.28856728545832366
0.19436363636363652 0.2875532111025808
0.19737373737373787 0.2865373417915478
0.20038383838383877 0.2855196339587437
0.20339393939393968 0.2845000435166011
0.2064040404040406 0.28347852584582406
0.20941414141414194 0.2824550357845126
0.21242424242424285 0.281429527617049
0.21543434343434376 0.28040195506273696
0.21844444444444466 0.2793722712641909
0.22145454545454601 0.2783404287754644
0.22446464646464692 0.2773063795499149
0.22747474747474783 0.276270074927793
0.23048484848484874 0.27523146562355316
0.23349494949494964 0.2741905017128755
0.236505050505051 0.27314713261939105
0.2395151515151519 0.272101307101104
0.2425252525252528 0.2710529732364996
0.24553535353535372 0.27000207841033197
0.24854545454545507 0.2689485692990812
0.251555555555556 0.26789239185607117
0.2545656565656569 0.26683349129623735
0.2575757575757578 0.26577181208053685
0.26058585858585914 0.2647072978999886
0.26359595959596005 0.26363989165933477
0.26660606060606096 0.2625695354603107
0.26961616161616186 0.26149617058451385
0.27262626262626277 0.26041973747586056
0.2756363636363641 0.25934017572261586
0.27864646464646503 0.2582574240389883
0.28165656565656594 0.2571714202462727
0.28466666666666685 0.2560821012535309
0.2876767676767682 0.25498940303779566
0.2906868686868691 0.25389326062378426
0.29369696969697 0.2527936080631057
0.2967070707070709 0.2516903784129487
0.29971717171717227 0.250583503714234
0.3027272727272732 0.2494729149692147
0.3057373737373741 0.24835854211850839
0.308747474747475 0.24724031401754365
0.3117575757575759 0.24611815841240445
0.31476767676767725 0.2449920019150518
0.31777777777777816 0.24386176997790637
0.32078787878787907 0.24272738686776976
0.32379797979798 0.24158877563906633
0.3268080808080813 0.2404458581063834
0.32981818181818223 0.23929855481628903
0.33282828282828314 0.2381467850184021
0.33583838383838405 0.23699046663569592
0.3388484848484854 0.23582951623400633
0.3418585858585863 0.2346638489907238
0.3448686868686872 0.23349337866263853
0.3478787878787881 0.2323180175529168
0.35088888888888947 0.2311376764771767
0.3538989898989904 0.22995226472863722
0.3569090909090913 0.22876169004230743
0.3599191919191922 0.22756585855818828
0.3629292929292931 0.22636467478345235
0.36593939393939445 0.22515804155356872
0.36894949494949536 0.2239458599923392
0.37195959595959627 0.22272802947080708
0.3749696969696972 0.22150444756500506
0.3779797979797985 0.22027501001250024
0.38098989898989943 0.21903961066769773
0.38400000000000034 0.2177981414558595
0.38701010101010125 0.21655049232579637
0.3900202020202026 0.21529655120118793
0.3930303030303035 0.21403620393048284
0.3960404040404044 0.21276933423532965
0.3990505050505053 0.21149582365749092
0.40206060606060623 0.21021555150418403
0.4050707070707076 0.20892839479179665
0.4080808080808085 0.20763422818791927
0.4110909090909094 0.20633292395163344
0.4141010101010103 0.20502435187199777
0.41711111111111165 0.2037083792046644
0.42012121212121256 0.20238487060656152
0.42313131313131347 0.20105368806856977
0.4261414141414144 0.19971469084612234
0.42915151515151573 0.19836773538765323
0.43216161616161664 0.19701267526081445
0.43517171717171754 0.19564936107637923
0.43818181818181845 0.1942776404097491
0.44119191919191936 0.19289735771997282
0.4442020202020207 0.19150835426618687
0.4472121212121216 0.19011046802137962
0.4502222222222225 0.18870353358337755
0.45323232323232343 0.18728738208295162
0.4562424242424248 0.18586184108893025
0.4592525252525257 0.18442673451020772
0.4622626262626266 0.18298188249452574
0.4652727272727275 0.18152710132390493
0.46828282828282886 0.18006220330659653
0.47129292929292976 0.17858699666541683
0.47430303030303067 0.17710128542232104
0.4773131313131316 0.17560486927907173
0.48032323232323293 0.1740975434938421
0.48333333333333384 0.17257909875359514
0.48634343434343474 0.17104932104206422
0.48935353535353565 0.16950799150316256
0.49236363636363656 0.16795488629963143
0.4953737373737379 0.16638977646673306
0.4983838383838388 0.16481242776078628
0.5013939393939397 0.1632226005023269
0.5044040404040406 0.16162004941367347
0.507414141414142 0.16000452345066113
0.5104242424242429 0.15837576562829928
0.5134343434343438 0.15673351284009143
0.5164444444444447 0.15507749567075307
0.5194545454545461 0.15340743820203795
0.522464646464647 0.15172305781137904
0.5254747474747479 0.1500240649630284
0.5284848484848488 0.14831016299137087
0.5314949494949497 0.14658104787606538
0.534505050505051 0.1448364080086509
0.537515151515152 0.14307592395024005
0.5405252525252529 0.14129926817989394
0.5435353535353538 0.1395061048332651
0.5465454545454551 0.1376960894310598
0.549555555555556 0.13586886859685887
0.5525656565656569 0.13402407976380085
0.5555757575757578 0.13216135086961836
0.5585858585858592 0.13028030003947846
0.5615959595959601 0.1283805352560576
0.564606060606061 0.12646165401624307
0.5676161616161619 0.12452324297383002
0.5706262626262628 0.12256487756753756
0.5736363636363642 0.12058612163363708
0.5766464646464651 0.11858652700244593
0.579656565656566 0.1165656330778927
0.5826666666666669 0.11452296639932508
0.5856767676767682 0.11245804018467348
0.5886868686868691 0.11037035385404326
0.59169696969697 0.10825939253274297
0.594707070707071 0.1061246265327136
0.5977171717171723 0.103965510811249
0.6007272727272732 0.10178148440584253
0.6037373737373741 0.09957196984391742
0.606747474747475 0.09733637252613486
0.6097575757575764 0.0950740800818837
0.6127676767676773 0.09278446169548099
0.6157777777777782 0.09046686740151239
0.6187878787878791 0.08812062734765785
0.62179797979798 0.08574505102323304
0.6248080808080814 0.08333942645157272
0.6278181818181823 0.08090301934426569
0.6308282828282832 0.07843507221511592
0.6338383838383841 0.07593480345158171
0.6368484848484854 0.07340140634128783
0.6398585858585863 0.07083404805105536
0.6428686868686873 0.06823186855572216
0.6458787878787882 0.0655939795138546
0.6488888888888895 0.06291946308724772
0.6518989898989904 0.060207370700910035
0.6549090909090913 0.05745672173999811
0.6579191919191922 0.054666502179936016
0.6609292929292931 0.051835663145681
0.6639393939393945 0.04896311939582426
0.6669494949494954 0.04604774772691533
0.6699595959595963 0.04308838529305997
0.6729696969696972 0.0400838278355054
0.6759797979797986 0.03703282781652956
0.6789898989898995 0.03393409245154916
0.6820000000000004 0.030786281632904033
0.6850101010101013 0.027588005738304833
0.6880202020202026 0.024337823316392615
0.6910303030303035 0.02103423864129811
0.6940404040404045 0.017675699127462807
0.6970505050505054 0.014260592595323751
0.7000606060606063 0.010787244377720662
0.7030707070707076 0.0072539142560950065
0.7060808080808085 0.0036587932146898705
0.7090909090909094 -3.885780586188048e-16
0.7121010101010103 -0.0037244225282873633
0.7151111111111117 -0.007516511269756665
0.7181212121212126 -0.011378386995262835
0.7211313131313135 -0.015312258715923677
0.7241414141414144 -0.019320428328041817
0.7271515151515158 -0.023405295554507766
0.7301616161616167 -0.0275693632049977
0.7331717171717176 -0.03181524277922593
0.7361818181818185 -0.03614566043963402
0.7391919191919198 -0.04056346338225636
0.7422020202020208 -0.04507162663707559
0.7452121212121217 -0.04967326033203878
0.7482222222222226 -0.054371617458029764
0.7512323232323235 -0.059170102175581774
0.7542424242424248 -0.06407227870794147
0.7572525252525257 -0.06908188086934391
0.7602626262626266 -0.0742028222820808
0.7632727272727275 -0.07943920734114618
0.7662828282828289 -0.08479534299107777
0.7692929292929298 -0.09027575138605287
0.7723030303030307 -0.09588518351151265
0.7753131313131316 -0.10162863385359028
0.778323232323233 -0.10751135621161279
0.7813333333333339 -0.11353888075894547
0.7843434343434348 -0.11971703246871124
0.7873535353535357 -0.1260519510334699
0.7903636363636366 -0.132550112422133
0.793373737373738 -0.13921835223328066
0.7963838383838389 -0.14606389102199147
0.7993939393939398 -0.1530943617975451
0.8024040404040407 -0.1603178399122162
0.805414141414142 -0.16774287558731343
0.8084242424242429 -0.17537852935198972
0.8114343434343438 -0.18323441070376484
0.8144444444444447 -0.19132072033769698
0.8174545454545461 -0.1996482963345399
0.820464646464647 -0.20822866474775836
0.8234747474747479 -0.21707409508607156
0.8264848484848488 -0.226197661253273
0.8294949494949497 -0.2356133085820371
0.8325050505050511 -0.24533592768471385
0.835515151515152 -0.25538143594385154
0.8385252525252529 -0.26576686758067614
0.8415353535353538 -0.27651047337374374
0.8445454545454552 -0.28763183125599473
0.8475555555555561 -0.2991519692003558
0.850565656565657 -0.3110935020169277
0.8535757575757579 -0.3234807839344423
0.8565858585858592 -0.33634007913248265
0.8595959595959601 -0.349699752737551
0.862606060606061 -0.36359048520642756
0.865616161616162 -0.3780455135074178
0.8686262626262629 -0.393100903090702
0.8716363636363642 -0.40879585533306856
0.8746464646464651 -0.42517305597526517
0.877656565656566 -0.4422790710735466
0.8806666666666669 -0.4601647982002462
0.8836767676767683 -0.4788859821015779
0.8866868686868692 -0.4985038058175368
0.8896969696969701 -0.5190855704698012
0.892707070707071 -0.5407054796323543
0.8957171717171724 -0.5634455475501094
0.8987272727272733 -0.5873966546361999
0.9017373737373742 -0.6126597788855197
0.9047474747474751 -0.6393474383876747
0.9077575757575764 -0.6675853884010633
0.9107676767676773 -0.6975146269858405
0.9137777777777782 -0.7292937766931105
0.9167878787878792 -0.7631019272261534
0.9197979797979801 -0.7991420466339207
0.9228080808080814 -0.8376450982686843
0.9258181818181823 -0.8788750399488725
0.9288282828282832 -0.9231349340470152
0.9318383838383841 -0.9707744675979215
0.9348484848484855 -1.022199277232846
0.9378585858585864 -1.077882605347133
0.9408686868686873 -1.138379997007337
0.9438787878787882 -1.2043480051056186
0.9468888888888896 -1.2765682398440286
0.9498989898989905 -1.3559786330639798
0.9529090909090914 -1.443714575522003
0.9559191919191923 -1.5411637665905875
0.9589292929292932 -1.6500404226770329
0.9619393939393945 -1.772487313799339
0.9649494949494954 -1.9112186147923793
0.9679595959595964 -2.069723978459722
0.9709696969696973 -2.252566796333768
0.9739797979797986 -2.4658315898160983
0.9769898989898995 -2.717815432848631
0.9800000000000004 -3.0201342281879637
0.9830101010101013 -3.389566501195359
0.9860202020202027 -3.8512800389695947
0.9890303030303036 -4.444824220164481
0.9920404040404045 -5.236114674625067
0.9950505050505054 -6.343799534585818
0.9980606060606063 -8.005175062666979
1.0010707070707077 -10.773932535863375
1.0040808080808086 -16.311145781497213
1.0070909090909095 -32.922183928899244
