-0.024610359489756473 251.52644078525617
-0.023579693338487306 131.30259497717364
-0.022549027187218143 90.81550714470102
-0.021518361035948976 70.31005634175325
-0.02048769488467981 57.82782945393265
-0.019457028733410642 49.37796005664257
-0.018426362582141476 43.24692239489566
-0.017395696430872312 38.57577950809654
-0.016365030279603142 34.885805284617014
-0.015334364128333978 31.888650090820466
-0.014303697977064812 29.399996731748427
-0.013273031825795645 27.29635035437665
-0.01224236567452648 25.49174494246406
-0.011211699523257313 23.92441394312977
-0.010181033371988148 22.548779117483644
-0.00915036722071898 21.330433705700855
-0.008119701069449814 20.242888950635205
-0.007089034918180647 19.265399665810687
-0.006058368766911484 18.381472350810864
-0.005027702615642317 17.57781773232008
-0.00399703646437315 16.84360016163371
-0.002966370313103983 16.16988984450401
-0.0019357041618348163 15.549256497838277
-0.0009050380105656494 14.975463433044993
0.00012562814070351397 14.443234138672675
0.0011562942919726808 13.948071992452002
0.0021869604432418477 13.486119445073816
0.0032176265945110145 13.054046899567542
0.004248292745780181 12.64896419109305
0.005278958897049345 12.268349451662916
0.006309625048318515 11.909991480605438
0.0073402911995876785 11.571942703807128
0.008370957350856842 11.252480505936019
0.009401623502126012 10.95007523646258
0.010432289653395176 10.663363574887459
0.011462955804664346 10.391126229673462
0.01249362195593351 10.132269164655858
0.013524288107202673 9.88580771444899
0.014554954258471843 9.650853079721038
0.015585620409741006 9.426600793712806
0.016616286561010177 9.212320830024376
0.01764695271227934 9.00734908365328
0.018677618863548504 8.811080006393622
0.019708285014817674 8.622960216891798
0.020738951166086837 8.442482937092315
0.021769617317356008 8.269183132167218
0.02280028346862517 8.102633251586278
0.02383094961989434 7.942439485742504
0.024861615771163505 7.788238466268161
0.025892281922432668 7.63969434946102
0.02692294807370184 7.496496231562553
0.027953614224971002 7.358355852361462
0.028984280376240172 7.225005550034965
0.030014946527509336 7.096196435522507
0.0310456126787785 6.971696759242279
0.03207627883004767 6.851290446762631
0.03310694498131683 6.734775783252101
0.034137611132586 6.621964229253444
0.035168277283855166 6.512679352640959
0.03619894343512433 6.406755863593222
0.03722960958639349 6.304038741100643
0.03826027573766267 6.204382440973932
0.039290941888931834 6.107650176563634
0.040321608040201 6.013713264473244
0.04135227419147016 5.922450528475333
0.042382940342739324 5.833747755642977
0.0434136064940085 5.747497199406068
0.044444272645277665 5.663597124848922
0.04547493879654683 5.581951392094943
0.04650560494781599 5.502469074086755
0.047536271099085155 5.425064105475514
0.04856693725035433 5.349654959688816
0.049597603401623495 5.2761643515593954
0.05062826955289266 5.2045189631723785
0.05165893570416182 5.134649190832146
0.052689601855430986 5.066488911264855
0.05372026800670016 4.999975265363239
0.054750934157969326 4.935048457949294
0.05578160030923849 4.871651572180631
0.05681226646050765 4.809730397360021
0.057842932611776816 4.749233269026791
0.058873598763045994 4.690110920315141
0.05990426491431516 4.632316343659618
0.06093493106558432 4.575804662013105
0.061965597216853484 4.520533008819133
0.06299626336812264 4.466460416048836
0.06402692951939182 4.413547709674551
0.065057595670661 4.361757412007548
0.06608826182193014 4.311053650377434
0.06711892797319932 4.261402071675817
0.06814959412446847 4.212769762327763
0.06918026027573765 4.165125173291272
0.07021092642700683 4.11843804971859
0.07124159257827598 4.072679364943358
0.07227225872954515 4.027821258485096
0.07330292488081433 3.98383697778758
0.07433359103208348 3.94070082343026
0.07536425718335266 3.8983880975726666
0.0763949233346218 3.856875055410544
0.07742558948589098 3.8161388594396466
0.07845625563716016 3.7761575363388684
0.07948692178842931 3.736909936298691
0.08051758793969849 3.6983756946340858
0.08154825409096764 3.6605351955330327
0.08257892024223681 3.623369537802808
0.08360958639350599 3.5868605024863514
0.08464025254477514 3.550990522230217
0.08567091869604432 3.5157426522942377
0.08670158484731347 3.4811005431007858
0.08773225099858264 3.447048414228769
0.08876291714985182 3.4135710297641437
0.08979358330112097 3.380653674924817
0.09082424945239015 3.3482821338835094
0.0918549156036593 3.316442668717313
0.09288558175492848 3.2851219994175165
0.09391624790619765 3.2543072848977497
0.0949469140574668 3.223986104942531
0.09597758020873598 3.194146443042235
0.09700824636000513 3.1647766700639153
0.0980389125112743 3.135865528710764
0.09906957866254348 3.107402118725985
0.10010024481381263 3.079375882799706
0.10113091096508181 3.051776593140126
0.10216157711635099 3.0245943386726024
0.10319224326762014 2.997819512832538
0.10422290941888931 2.9714428019201273
0.10525357557015846 2.945455173986942
0.10628424172142764 2.919847868226127
0.10731490787269682 2.894612384839742
0.10834557402396597 2.8697404753583267
0.10937624017523515 2.845224133389242
0.1104069063265043 2.8210555857717616
0.11143757247777347 2.797227284118129
0.11246823862904265 2.7737318967210345
0.1134989047803118 2.7505623008090807
0.11452957093158098 2.727711575132851
0.11556023708285013 2.7051729928652155
0.1165909032341193 2.68294001480038
0.11762156938538848 2.661006282837098
0.11865223553665763 2.6393656137322594
0.11968290168792681 2.6180119931118084
0.12071356783919596 2.596939569726706
0.12174423399046513 2.576142649942272
0.12277490014173431 2.5556156924499067
0.12380556629300346 2.5353533031907607
0.12483623244427264 2.5153502304814888
0.1258668985955418 2.4956013603327536
0.12689756474681096 2.476101711951611
0.12792823089808014 2.456846433419396
0.1289588970493493 2.4378307975371563
0.12998956320061847 2.4190501978310834
0.13102022935188762 2.4005001447107857
0.1320508955031568 2.3821762617736155
0.13308156165442597 2.364074282248593
0.13411222780569512 2.3461900455738
0.1351428939569643 2.328519494101432
0.13617356010823345 2.311058669924977
0.13720422625950263 2.293803711823243
0.1382348924107718 2.276750852316269
0.13926555856204095 2.259896414828327
0.14029622471331013 2.2432368109535084
0.14132689086457928 2.226768537819581
0.14235755701584846 2.210488175546011
0.14338822316711763 2.1943923847922417
0.14441888931838678 2.178477904392511
0.14544955546965596 2.162741549073648
0.1464802216209251 2.147180207252477
0.1475108877721943 2.131790838909596
0.14854155392346347 2.116570473536454
0.14957222007473261 2.1015162081527867
0.1506028862260018 2.0866252053916208
0.15163355237727094 2.071894691649152
0.15266421852854012 2.0573219552969597
0.1536948846798093 2.0429043449541124
0.15472555083107845 2.028639267816824
0.15575621698234762 2.0145241880434415
0.15678688313361677 2.000556625192641
0.15781754928488595 1.9867341527127738
0.15884821543615513 1.9730543964804343
0.15987888158742428 1.9595150333863804
0.16090954773869345 1.946113789967016
0.1619402138899626 1.9328484410797409
0.16297088004123178 1.919716808620526
0.16400154619250096 1.9067167602821515
0.1650322123437701 1.8938462083516052
0.16606287849503928 1.8811031085452157
0.16709354464630843 1.8684854588801352
0.1681242107975776 1.8559912985808524
0.1691548769488468 1.8436187070194792
0.17018554310011594 1.831365802688596
0.17121620925138512 1.8192307422054814
0.1722468754026543 1.8072117193466342
0.17327754155392344 1.7953069641114925
0.17430820770519262 1.783514741814338
0.17533887385646177 1.7718333522033989
0.17636954000773095 1.7602611286061924
0.17740020615900012 1.7487964371002125
0.17843087231026927 1.7374376757080827
0.17946153846153845 1.7261832736163274
0.1804922046128076 1.7150316904169762
0.18152287076407678 1.7039814153711959
0.18255353691534595 1.693030966694237
0.1835842030666151 1.682178890860956
0.18461486921788428 1.6714237619312282
0.18564553536915343 1.660764180894604
0.1866762015204226 1.6501987750335414
0.18770686767169178 1.6397261973046375
0.18873753382296093 1.6293451257372351
0.1897681999742301 1.6190542628488562
0.19079886612549926 1.6088523350769137
0.19182953227676844 1.5987380922261605
0.19286019842803762 1.588710306931389
0.19389086457930677 1.5787677741348711
0.19492153073057594 1.5689093105780882
0.1959521968818451 1.5591337543072776
0.19698286303311427 1.5494399641923744
0.19801352918438345 1.5398268194589149
0.1990441953356526 1.5302932192325027
0.20007486148692177 1.5208380820954444
0.20110552763819092 1.511460345655169
0.2021361937894601 1.50215896612408
0.20316685994072928 1.4929329179104744
0.20419752609199843 1.4837811932202014
0.2052281922432676 1.4747028016687178
0.20625885839453675 1.4656967699032455
0.20728952454580593 1.4567621412347014
0.2083201906970751 1.4478979752791248
0.20935085684834426 1.4391033476083057
0.21038152299961344 1.4303773494093437
0.21141218915088258 1.4217190871528722
0.21244285530215176 1.413127682269686
0.21347352145342094 1.4046022708355363
0.2145041876046901 1.3961420032638365
0.21553485375595927 1.3877460440060614
0.21656551990722842 1.379413571259611
0.2175961860584976 1.3711437766829204
0.21862685220976677 1.3629358651176073
0.21965751836103592 1.3547890543174588
0.2206881845123051 1.3467025746840555
0.22171885066357425 1.3386756690088482
0.22274951681484342 1.3307075922214997
0.2237801829661126 1.3227976111443205
0.22481084911738178 1.31494500425262
0.2258415152686509 1.3071490614408106
0.22687218141992008 1.2994090837941046
0.22790284757118925 1.2917243833656458
0.22893351372245843 1.2840942829589275
0.2299641798737276 1.2765181159153478
0.23099484602499673 1.2689952259067643
0.2320255121762659 1.2615249667329078
0.23305617832753509 1.2541067021235277
0.23408684447880426 1.246739805545131
0.23511751063007344 1.2394236600122044
0.23614817678134256 1.2321576579027793
0.23717884293261174 1.224941200778245
0.23820950908388092 1.2177736992072807
0.2392401752351501 1.210654572593799
0.24027084138641927 1.2035832490088005
0.2413015075376884 1.1965591650260299
0.24233217368895757 1.1895817655613343
0.24336283984022675 1.1826505037156307
0.24439350599149592 1.175764840621382
0.2454241721427651 1.1689242452924948
0.24645483829403422 1.1621281944775463
0.2474855044453034 1.1553761725162577
0.24851617059657258 1.1486676711991306
0.24954683674784175 1.1420021896301584
0.2505775028991109 1.1353792340925433
0.25160816905038 1.1287983179173353
0.2526388352016492 1.1222589613549225
0.2536695013529184 1.1157606914493
0.25470016750418756 1.109303041915045
0.25573083365545674 1.1028855530169333
0.25676149980672586 1.0965077714521283
0.25779216595799503 1.090169250234879
0.2588228321092642 1.0838695485836691
0.2598534982605334 1.0776082318107458
0.26088416441180257 1.0713848712139822
0.2619148305630717 1.0651990439710048
0.26294549671434087 1.0590503330355387
0.26397616286561004 1.0529383270359123
0.2650068290168792 1.0468626201756688
0.2660374951681484 1.040822812136235
0.2670681613194175 1.034818507981596
0.2680988274706867 1.0288493180649283
0.2691294936219559 1.022914857937146
0.27016015977322505 1.017014748257309
0.2711908259244942 1.0111486147048563
0.27222149207576335 1.0053160878936125
0.2732521582270325 0.9995168032875317
0.2742828243783017 0.9937504011181397
0.2753134905295709 0.9880165263036225
0.27634415668084006 0.9823148283695372
0.2773748228321092 0.9766449613711
0.27840548898337836 0.9710065838170099
0.27943615513464753 0.9653993585947866
0.2804668212859167 0.9598229528975698
0.2814974874371859 0.9542770381523611
0.282528153588455 0.9487612899496671
0.2835588197397242 0.943275387974511
0.28458948589099337 0.9378190159387907
0.28562015204226254 0.932391861514938
0.2866508181935317 0.9269936162708641
0.28768148434480084 0.9216239756061512
0.28871215049607 0.9162826386894671
0.2897428166473392 0.9109693083971773
0.2907734827986084 0.9056836912531201
0.29180414894987755 0.9004254973695294
0.2928348151011467 0.8951944403890675
0.29386548125241585 0.8899902374279519
0.294896147403685 0.8848126090201538
0.2959268135549542 0.8796612790626315
0.2969574797062234 0.8745359747615918
0.2979881458574925 0.869436426579746
0.2990188120087617 0.8643623681845416
0.30004947816003086 0.8593135363973531
0.30108014431130004 0.8542896711436019
0.3021108104625692 0.8492905154037953
0.30314147661383833 0.8443158151654535
0.3041721427651075 0.8393653193759161
0.3052028089163767 0.8344387798960038
0.30623347506764587 0.8295359514545163
0.30726414121891504 0.824656591603552
0.30829480737018417 0.8198004606746265
0.30932547352145334 0.8149673217355793
0.3103561396727225 0.8101569405482479
0.3113868058239917 0.8053690855268947
0.3124174719752609 0.800603527697368
0.31344813812653 0.7958600406569873
0.3144788042777992 0.7911384005351304
0.31550947042906835 0.786438385954515
0.31654013658033753 0.7817597779931549
0.3175708027316067 0.7771023601469786
0.3186014688828758 0.7724659182930963
0.319632135034145 0.767850240653704
0.3206628011854142 0.7632551177606075
0.32169346733668336 0.7586803424203576
0.32272413348795254 0.7541257096799798
0.32375479963922166 0.7495910167932907
0.32478546579049083 0.7450760631877855
0.32581613194176 0.7405806504320895
0.3268467980930292 0.7361045822039529
0.32787746424429837 0.7316476642587912
0.3289081303955675 0.727209704398748
0.32993879654683667 0.7227905124422773
0.33096946269810584 0.7183899001942307
0.332000128849375 0.7140076814164427
0.3330307950006442 0.7096436717987997
0.3340614611519133 0.7052976889307885
0.3350921273031825 0.7009695522735093
0.3361227934544517 0.6966590831321501
0.33715345960572085 0.6923661046289045
0.33818412575699003 0.6880904416763348
0.33921479190825915 0.6838319209511639
0.3402454580595283 0.6795903708684881
0.3412761242107975 0.675365621556407
0.3423067903620667 0.6711575048310605
0.34333745651333586 0.66696585417206
0.344368122664605 0.6627905046983134
0.34539878881587416 0.658631293144232
0.34642945496714334 0.6544880578363131
0.3474601211184125 0.6503606386700909
0.3484907872696817 0.6462488770874475
0.3495214534209508 0.6421526160542795
0.35055211957222 0.6380717000385091
0.35158278572348917 0.6340059749884406
0.35261345187475834 0.6299552883114456
0.3536441180260275 0.6259194888529794
0.35467478417729664 0.6218984268759168
0.3557054503285658 0.6178919540402035
0.356736116479835 0.6138999233828187
0.3577667826311042 0.6099221892980372
0.35879744878237335 0.6059586075179921
0.3598281149336425 0.6020090350935301
0.36085878108491165 0.5980733303753472
0.36188944723618083 0.5941513529954141
0.36292011338745 0.5902429638486704
0.3639507795387192 0.5863480250749933
0.3649814456899883 0.5824664000414272
0.3660121118412575 0.5785979533246802
0.36704277799252666 0.5747425506938699
0.36807344414379584 0.5709000590935236
0.369104110295065 0.5670703466268223
0.3701347764463342 0.563253282539089
0.3711654425976033 0.5594487372015109
0.3721961087488725 0.5556565820950952
0.37322677490014167 0.5518766897948532
0.37425744105141084 0.5481089339542098
0.37528810720268 0.544353189289631
0.37631877335394914 0.5406093315654654
0.3773494395052183 0.5368772375790019
0.3783801056564875 0.533156785145732
0.3794107718077567 0.5294478530848161
0.38044143795902585 0.5257503212047531
0.381472104110295 0.522064070289241
0.38250277026156415 0.5183889820832344
0.38353343641283333 0.5147249392791924
0.3845641025641025 0.5110718255035082
0.3855947687153717 0.5074295253031236
0.3866254348666408 0.5037979241323224
0.38765610101791 0.5001769083396987
0.38868676716917916 0.49656636515529884
0.38971743332044834 0.49296618267793224
0.3907480994717175 0.4893762498626474
0.39177876562298664 0.4857964565083729
0.3928094317742558 0.4822266932457162
0.393840097925525 0.4786668515249227
0.39487076407679417 0.4751168236039873
0.39590143022806334 0.47157650253691585
0.39693209637933247 0.46804578216213966
0.39796276253060164 0.46452455709107
0.3989934286818708 0.4610127226968038
0.40002409483314 0.4575101751029611
0.4010547609844092 0.45401681117266734
0.4020854271356783 0.4505325284976682
0.4031160932869475 0.44705722538757675
0.40414675943821665 0.44359080085925406
0.40517742558948583 0.44013315462631464
0.406208091740755 0.4366841870887608
0.40723875789202413 0.4332437993227365
0.4082694240432933 0.42981189307040624
0.4093000901945625 0.42638837072995006
0.41033075634583166 0.4229731353456777
0.41136142249710084 0.41956609059825367
0.41239208864836996 0.416167140795039
0.41342275479963914 0.4127761908605384
0.4144534209509083 0.4093931463269602
0.4154840871021775 0.4060179133248798
0.41651475325344667 0.40265039857400686
0.4175454194047158 0.39929050937405686
0.41857608555598497 0.39593815359571927
0.41960675170725414 0.39259323967172877
0.4206374178585233 0.38925567658802873
0.4216680840097925 0.38592537387503123
0.4226987501610616 0.3826022415989697
0.4237294163123308 0.3792861903533413
0.4247600824636 0.37597713125044063
0.42579074861486915 0.3726749759129785
0.42682141476613833 0.36937963646578886
0.42785208091740745 0.3660910255276172
0.42888274706867663 0.36280905620299386
0.4299134132199458 0.3595336420741857
0.430944079371215 0.3562646971932296
0.43197474552248416 0.3530021360740411
0.4330054116737533 0.3497458736846003
0.43403607782502246 0.34649582543921154
0.43506674397629164 0.3432519071908372
0.4360974101275608 0.34001403522350193
0.43712807627883 0.3367821262447671
0.4381587424300991 0.33355609737827374
0.4391894085813683 0.3303358661563518
0.44022007473263747 0.32712135051269775
0.44125074088390664 0.32391246877511315
0.4422814070351758 0.3207091396583085
0.44331207318644494 0.3175112822567667
0.4443427393377141 0.314318816037668
0.4453734054889833 0.311131660833874
0.4464040716402525 0.3079497368369687
0.44743473779152165 0.30477296459035497
0.4484654039427908 0.30160126498240825
0.44949607009405995 0.29843455923967976
0.45052673624532913 0.2952727689201592
0.4515574023965983 0.292115815906581
0.4525880685478675 0.28896362239978546
0.4536187346991366 0.28581611091212766
0.4546494008504058 0.28267320426093245
0.45568006700167496 0.27953482556199816
0.45671073315294414 0.2764008982231445
0.4577413993042133 0.27327134593780433
0.45877206545548244 0.27014609267865897
0.4598027316067516 0.2670250626913142
0.4608333977580208 0.2639081804880197
0.46186406390928997 0.26079537084142523
0.46289473006055915 0.257686558778377
0.46392539621182827 0.2545816695737505
0.46495606236309744 0.251480628744321
0.4659867285143666 0.24838336204266787
0.4670173946656358 0.2452897954511145
0.468048060816905 0.24219985517570142
0.4690787269681741 0.2391134676401896
0.4701093931194433 0.2360305594800971
0.47114005927071245 0.2329510575367657
0.47217072542198163 0.22987488885145557
0.4732013915732508 0.22680198065946844
0.47423205772451993 0.22373226038429828
0.47526272387578916 0.22066565563180707
0.4762933900270583 0.21760209418442844
0.4773240561783274 0.21454150399539107
0.47835472232959664 0.2114838131829686
0.47938538848086576 0.20842895002475292
0.480416054632135 0.20537684295194225
0.4814467207834041 0.20232742054365882
0.48247738693467324 0.19928061152127763
0.48350805308594247 0.19623634474277774
0.4845387192372116 0.19319454919711154
0.4855693853884808 0.19015515399858773
0.48660005153974994 0.18711808838127275
0.48763071769101907 0.18408328169340393
0.4886613838422883 0.1810506633918194
0.4896920499935574 0.17802016303639956
0.49072271614482665 0.17499171028451832
0.4917533822960958 0.1719652348855102
0.4927840484473649 0.16894066667514196
0.49381471459863413 0.16591793557009704
0.49484538074990325 0.1628969715624673
0.4958760469011725 0.15987770471425122
0.4969067130524416 0.15686006515186057
0.49793737920371073 0.15384398306062885
0.49896804535497996 0.15082938867932916
0.4999987115062491 0.14781621229469188
0.5010293776575183 0.14480438423592557
0.5020600438087874 0.1417938348692438
0.5030907099600566 0.13878449459238618
0.5041213761113258 0.13577629382914436
0.5051520422625949 0.13276916302388775
0.5061827084138641 0.1297630326360817
0.5072133745651333 0.12675783313481082
0.5082440407164024 0.12375349499329213
0.5092747068676716 0.12074994868338618
0.5103053730189407 0.11774712467010551
0.51133603917021 0.11474495340611046
0.5123667053214791 0.1117433653262051
0.5133973714727482 0.10874229084181763
0.5144280376240175 0.10574166033547738
0.5154587037752866 0.10274140415527977
0.5164893699265558 0.09974145260933853
0.5175200360778249 0.09674173596022972
0.518550702229094 0.0937421844194185
0.5195813683803633 0.09074272814167528
0.5206120345316324 0.08774329721947716
0.5216427006829016 0.08474382167739059
0.5226733668341708 0.08174423146644139
0.5237040329854399 0.07874445645846317
0.5247346991367091 0.07574442644042978
0.5257653652879782 0.07274407110876846
0.5267960314392475 0.06974332006364914
0.5278266975905166 0.06674210280325599
0.5288573637417857 0.06374034871803402
0.529888029893055 0.06073798708491163
0.5309186960443241 0.05773494706150217
0.5319493621955933 0.054731157680274145
0.5329800283468624 0.05172654784270103
0.5340106944981315 0.048721046313376815
0.5350413606494008 0.04571458171410803
0.5360720268006699 0.04270708251797495
0.5371026929519391 0.039698477043357605
0.5381333591032083 0.03668869344793724
0.5391640252544774 0.033677659722656905
0.5401946914057466 0.03066530368565301
0.5412253575570157 0.027651552976151295
0.542256023708285 0.0246363350483223
0.5432866898595541 0.021619577165104986
0.5443173560108232 0.018601206391986813
0.5453480221620924 0.015581149590745969
0.5463786883133616 0.012559333413154294
0.5474093544646308 0.00953568429463314
0.5484400206158999 0.006510128447872021
0.549470686767169 0.0034825918563972103
0.5505013529184383 0.00045300026809602656
0.5515320190697074 -0.00257872081130206
0.5525626852209766 -0.005612646124800169
0.5535933513722457 -0.008648850670751163
0.5546240175235149 -0.011687409709530971
0.5556546836747841 -0.01472839877026122
0.5566853498260532 -0.017771893657586024
0.5577160159773225 -0.02081797045850542
0.5587466821285916 -0.023866705549261735
0.5597773482798607 -0.026918175602287264
0.5608080144311299 -0.029972457593209434
0.561838680582399 -0.0330296288079146
0.5628693467336683 -0.03608976684967835
0.5639000128849374 -0.03915294964635374
0.5649306790362065 -0.04221925545762861
0.5659613451874758 -0.045288762882349065
0.5669920113387449 -0.04836155086590577
0.5680226774900141 -0.0514376987076981
0.5690533436412832 -0.05451728606866091
0.5700840097925524 -0.05760039297887065
0.5711146759438216 -0.06068709984522169
0.5721453420950907 -0.06377748745917855
0.57317600824636 -0.06687163700460941
0.5742066743976291 -0.06996963006569346
0.5752373405488982 -0.07307154863491505
0.5762680067001674 -0.07617747512113515
0.5772986728514365 -0.07928749235775046
0.5783293390027058 -0.08240168361093947
0.5793600051539749 -0.0855201325879934
0.580390671305244 -0.08864292344574065
0.5814213374565133 -0.09177014079906165
0.5824520036077824 -0.09490186972949566
0.5834826697590516 -0.09803819579394901
0.5845133359103207 -0.10117920503349365
0.5855440020615899 -0.10432498398227252
0.5865746682128591 -0.10747561967650321
0.5876053343641282 -0.11063119966358392
0.5886360005153974 -0.11379181201131228
0.5896666666666666 -0.11695754531720393
0.5906973328179357 -0.12012848871792947
0.5917279989692049 -0.12330473189885982
0.592758665120474 -0.1264863651037259
0.5937893312717433 -0.12967347914440175
0.5948199974230124 -0.13286616541079865
0.5958506635742815 -0.1360645158808913
0.5968813297255507 -0.13926862313086108
0.5979119958768199 -0.1424785803453693
0.5989426620280891 -0.14569448132796303
0.5999733281793582 -0.14891642051160803
0.6010039943306273 -0.15214449296936217
0.6020346604818966 -0.15537879442518387
0.6030653266331657 -0.15861942126488027
0.6040959927844349 -0.16186647054720305
0.605126658935704 -0.16512004001508496
0.6061573250869732 -0.16838022810703124
0.6071879912382424 -0.17164713396865994
0.6082186573895115 -0.17492085746439656
0.6092493235407808 -0.17820149918933226
0.6102799896920499 -0.18148916048123742
0.611310655843319 -0.18478394343274485
0.6123413219945882 -0.18808595090369895
0.6133719881458574 -0.19139528653367532
0.6144026542971266 -0.19471205475467945
0.6154333204483957 -0.19803636080401765
0.6164639865996648 -0.20136831073735706
0.6174946527509341 -0.2047080114419656
0.6185253189022032 -0.20805557065014268
0.6195559850534724 -0.211411096952847
0.6205866512047415 -0.21477469981351371
0.6216173173560107 -0.21814648958208127
0.6226479835072799 -0.22152657750921656
0.623678649658549 -0.22491507576075187
0.6247093158098183 -0.2283120974323366
0.6257399819610874 -0.23171775656430227
0.6267706481123565 -0.23513216815675564
0.6278013142636257 -0.23855544818489205
0.6288319804148949 -0.2419877136145444
0.6298626465661641 -0.24542908241796624
0.6308933127174332 -0.24887967358985363
0.6319239788687023 -0.2523396071636168
0.6329546450199716 -0.255809004227898
0.6339853111712407 -0.2592879869433453
0.6350159773225099 -0.2627766785596505
0.636046643473779 -0.2662752034328476
0.6370773096250482 -0.2697836870428887
0.6381079757763174 -0.2733022560114913
0.6391386419275865 -0.2768310381202709
0.6401693080788557 -0.280370162329163
0.6411999742301249 -0.283919758795136
0.642230640381394 -0.2874799588912088
0.6432613065326632 -0.2910508952257711
0.6442919726839323 -0.29463270166221767
0.6453226388352016 -0.2982255133389051
0.6463533049864707 -0.301829466689428
0.6473839711377398 -0.3054446994632354
0.648414637289009 -0.3090713507465813
0.6494453034402782 -0.3127095609838234
0.6504759695915474 -0.3163594719990782
0.6515066357428165 -0.3200212270182333
0.6525373018940857 -0.3236949706913326
0.6535679680453549 -0.3273808491153364
0.654598634196624 -0.33107900985726446
0.6556293003478932 -0.33478960197773655
0.6566599664991624 -0.33851277605490826
0.6576906326504315 -0.34224868420882193
0.6587212988017007 -0.3459974801261725
0.6597519649529698 -0.3497593190854993
0.6607826311042391 -0.35353435798282073
0.6618132972555082 -0.3573227553577043
0.6628439634067773 -0.3611246714198042
0.6638746295580465 -0.3649402680758531
0.6649052957093157 -0.3687697089571337
0.6659359618605849 -0.3726131594474388
0.666966628011854 -0.3764707867115187
0.6679972941631231 -0.38034275972404463
0.6690279603143924 -0.3842292492990842
0.6700586264656615 -0.38813042812010556
0.6710892926169307 -0.3920464707705267
0.6721199587681999 -0.39597755376481103
0.673150624919469 -0.3999238555801339
0.6741812910707382 -0.40388555668862147
0.6752119572220073 -0.40786283959017977
0.6762426233732766 -0.41185588884593116
0.6772732895245457 -0.41586489111226077
0.6783039556758148 -0.4198900351754983
0.679334621827084 -0.4239315119872413
0.6803652879783532 -0.42798951470033675
0.6813959541296224 -0.4320642387055392
0.6824266202808915 -0.4361558816688529
0.6834572864321606 -0.4402646435695844
0.6844879525834299 -0.44439072673910895
0.685518618734699 -0.44853433590037706
0.6865492848859682 -0.45269567820817613
0.6875799510372373 -0.45687496329015787
0.6886106171885065 -0.46107240328865995
0.6896412833397757 -0.4652882129033301
0.6906719494910448 -0.46952260943457624
0.6917026156423141 -0.4737758128278645
0.6927332817935832 -0.47804804571887516
0.6937639479448523 -0.4823395334795495
0.6947946140961215 -0.486650504265036
0.6958252802473907 -0.49098118906156607
0.6968559463986599 -0.4953318217352778
0.697886612549929 -0.4997026390820063
0.6989172787011981 -0.5040938808780738
0.6999479448524674 -0.508505789932091
0.7009786110037365 -0.5129386121378006
0.7020092771550057 -0.5173925965279925
0.7030399433062748 -0.5218679953295017
0.704070609457544 -0.5263650640193323
0.7051012756088132 -0.5308840613819225
0.7061319417600823 -0.5354252495675814
0.7071626079113515 -0.539988894152133
0.7081932740626207 -0.5445752641977818
0.7092239402138898 -0.5491846323152484
0.710254606365159 -0.5538172747271913
0.7112852725164281 -0.558473471332952
0.7123159386676974 -0.5631535057746615
0.7133466048189665 -0.5678576655047296
0.7143772709702356 -0.5725862418547661
0.7154079371215049 -0.5773395301059582
0.716438603272774 -0.5821178295609414
0.7174692694240432 -0.5869214436172154
0.7184999355753123 -0.5917506798421202
0.7195306017265815 -0.5966058500494364
0.7205612678778507 -0.6014872703776335
0.7215919340291198 -0.6063952613698144
0.722622600180389 -0.6113301480554041
0.7236532663316582 -0.6162922600336175
0.7246839324829273 -0.6212819315587623
0.7257145986341965 -0.6262995016274173
0.7267452647854656 -0.6313453140675362
0.7277759309367349 -0.6364197176295333
0.728806597088004 -0.6415230660793909
0.7298372632392731 -0.6466557182938553
0.7308679293905423 -0.6518180383577654
0.7318985955418115 -0.6570103956635752
0.7329292616930807 -0.6622331650131312
0.7339599278443498 -0.6674867267217554
0.734990593995619 -0.6727714667247088
0.7360212601468882 -0.6780877766860867
0.7370519262981573 -0.6834360541102187
0.7380825924494265 -0.6888167024556426
0.7391132586006957 -0.6942301312517115
0.7401439247519648 -0.6996767562179222
0.741174590903234 -0.7051569993860249
0.7422052570545031 -0.7106712892249957
0.7432359232057724 -0.7162200607689563
0.7442665893570415 -0.7218037557481133
0.7452972555083106 -0.7274228227228078
0.7463279216595798 -0.7330777172207597
0.747358587810849 -0.7387689018775929
0.7483892539621182 -0.7444968465807448
0.7494199201133873 -0.7502620286168379
0.7504505862646564 -0.7560649328226325
0.7514812524159257 -0.7619060517396442
0.7525119185671948 -0.7677858857725396
0.753542584718464 -0.7737049433514237
0.7545732508697331 -0.7796637410981163
0.7556039170210023 -0.7856628039965503
0.7566345831722715 -0.7917026655673978
0.7576652493235406 -0.7977838680470524
0.7586959154748099 -0.8039069625711022
0.759726581626079 -0.81007250936241
0.7607572477773481 -0.8162810779239551
0.7617879139286173 -0.8225332472365627
0.7628185800798865 -0.8288296059616733
0.7638492462311557 -0.83517075264931
0.7648799123824248 -0.8415572959513787
0.765910578533694 -0.8479898548404926
0.7669412446849632 -0.8544690588344556
0.7679719108362323 -0.8609955482266062
0.7690025769875015 -0.867569974322181
0.7700332431387706 -0.8741929996808891
0.7710639092900399 -0.8808652983658969
0.772094575441309 -0.8875875561994034
0.7731252415925781 -0.8943604710250358
0.7741559077438473 -0.9011847529772534
0.7751865738951165 -0.9080611247579966
0.7762172400463857 -0.9149903219208082
0.7772479061976548 -0.9219730931626505
0.778278572348924 -0.9290102006236854
0.7793092385001932 -0.9361024201952489
0.7803399046514623 -0.9432505418362961
0.7813705708027315 -0.9504553698985947
0.7824012369540007 -0.9577177234609325
0.7834319031052698 -0.9650384366726533
0.784462569256539 -0.9724183591068116
0.7854932354078081 -0.9798583561232657
0.7865239015590774 -0.9873593092420465
0.7875545677103465 -0.9949221165273247
0.7885852338616156 -1.0025476929823525
0.7896159000128848 -1.0102369709557273
0.790646566164154 -1.0179909005593664
0.7916772323154232 -1.0258104500985947
0.7927078984666923 -1.0336966065147468
0.7937385646179614 -1.0416503758407205
0.7947692307692307 -1.0496727836699145
0.7957998969204998 -1.0577648756390206
0.796830563071769 -1.0659277179251567
0.7978612292230381 -1.074162397757817
0.7988918953743073 -1.0824700239461884
0.7999225615255765 -1.0908517274223497
0.8009532276768456 -1.0993086618009207
0.8019838938281149 -1.1078420039557622
0.803014559979384 -1.1164529546143047
0.8040452261306531 -1.1251427389701756
0.8050758922819223 -1.1339126073147505
0.8061065584331915 -1.1427638356883374
0.8071372245844607 -1.151697726551707
0.8081678907357298 -1.1607156094787001
0.8091985568869989 -1.1698188418707125
0.8102292230382682 -1.1790088096938445
0.8112598891895373 -1.1882869282395703
0.8122905553408065 -1.1976546429098163
0.8133212214920756 -1.2071134300273414
0.8143518876433448 -1.2166647976724083
0.815382553794614 -1.2263102865467204
0.8164132199458831 -1.2360514708656785
0.8174438860971524 -1.2458899592800519
0.8184745522484215 -1.2558273958281838
0.8195052183996906 -1.265865460919944
0.8205358845509598 -1.2760058723536427
0.821566550702229 -1.2862503863672212
0.8225972168534982 -1.296600798725073
0.8236278830047673 -1.307058945841898
0.8246585491560364 -1.317626705945096
0.8256892153073057 -1.3283060002772222
0.8267198814585748 -1.3390987943401458
0.827750547609844 -1.3500070991826056
0.8287812137611131 -1.361032972732927
0.8298118799123823 -1.3721785211787791
0.8308425460636515 -1.3834459003959054
0.8318732122149206 -1.3948373174278688
0.8329038783661898 -1.4063550320189673
0.833934544517459 -1.4180013582025335
0.8349652106687281 -1.4297786659469993
0.8359958768199973 -1.4416893828621644
0.8370265429712664 -1.4537359959682656
0.8380572091225357 -1.4659210535305722
0.8390878752738048 -1.4782471669623265
0.8401185414250739 -1.4907170127990566
0.8411492075763431 -1.5033333347473707
0.8421798737276123 -1.5160989458115508
0.8432105398788815 -1.5290167305014177
0.8442412060301506 -1.5420896471250933
0.8452718721814197 -1.555320730170525
0.846302538332689 -1.5687130927797777
0.8473332044839581 -1.582269929320349
0.8483638706352273 -1.5959945180579926
0.8493945367864965 -1.609890223935718
0.8504252029377656 -1.6239605014639635
0.8514558690890348 -1.6382088977271336
0.8524865352403039 -1.6526390555120156
0.8535172013915732 -1.6672547165638916
0.8545478675428423 -1.6820597249764409
0.8555785336941114 -1.697058030721922
0.8566091998453806 -1.7122536933284316
0.8576398659966498 -1.727650885711442
0.858670532147919 -1.743253898167246
0.8597011982991881 -1.759067142536304
0.8607318644504572 -1.7750951565450408
0.8617625306017265 -1.7913426083350283
0.8627931967529956 -1.8078143011890926
0.8638238629042648 -1.8245151784644054
0.864854529055534 -1.841450328743183
0.8658851952068031 -1.8586249912123254
0.8669158613580723 -1.8760445612839107
0.8679465275093414 -1.8937145964692363
0.8689771936606107 -1.911640822519876
0.8700078598118798 -1.9298291398499745
0.8710385259631489 -1.94828563025497
0.8720691921144181 -1.9670165639427988
0.8730998582656873 -1.9860284068946759
0.8741305244169565 -2.005327828573641
0.8751611905682256 -2.0249217100001466
0.8761918567194947 -2.0448171522152947
0.877222522870764 -2.0650214851535553
0.8782531890220331 -2.085542276948302
0.8792838551733023 -2.106387343695002
0.8803145213245714 -2.127564759698501
0.8813451874758406 -2.149082868232691
0.8823758536271098 -2.17095029284266
0.8834065197783789 -2.193175949221513
0.8844371859296482 -2.21576905769629
0.8854678520809173 -2.238739156359649
0.8864985182321864 -2.262096114886724
0.8875291843834556 -2.285850149079146
0.8885598505347247 -2.3100118361813107
0.889590516685994 -2.334592131017178
0.8906211828372631 -2.359602382999287
0.8916518489885322 -2.385054354065563
0.8926825151398015 -2.4109602376034456
0.8937131812910706 -2.437332678425346
0.8947438474423398 -2.4641847938642467
0.8957745135936089 -2.49153019606334
0.8968051797448781 -2.519383015539398
0.8978358458961473 -2.5477579261055356
0.8988665120474164 -2.5766701712457696
0.8998971781986856 -2.606135592041055
0.9009278443499548 -2.636170656754235
0.9019585105012239 -2.6667924921901305
0.9029891766524931 -2.6980189169562037
0.9040198428037622 -2.7298684767595764
0.9050505089550315 -2.762360481887405
0.9060811751063006 -2.79551504702971
0.9071118412575697 -2.8293531336173863
0.908142507408839 -2.863896594862593
0.9091731735601081 -2.899168223704966
0.9102038397113773 -2.935191803884792
0.9112345058626464 -2.97199216438358
0.9122651720139155 -3.00959523749405
0.9132958381651848 -3.048028120804914
0.9143265043164539 -3.0873191434118796
0.9153571704677231 -3.127497936694965
0.9163878366189923 -3.1685955100336956
0.9174185027702614 -3.210644331866963
0.9184491689215306 -3.25367841654282
0.9194798350727997 -3.297733417446569
0.920510501224069 -3.3428467269431246
0.9215411673753381 -3.3890575837224732
0.9225718335266072 -3.436407188196069
0.9236024996778764 -3.4849388266574723
0.9246331658291456 -3.5346980049938006
0.9256638319804148 -3.5857325928162935
0.9266944981316839 -3.638092978969521
0.927725164282953 -3.691832239481404
0.9287558304342223 -3.7470063191307403
0.9297864965854914 -3.803674227938078
0.9308171627367606 -3.8618982540308826
0.9318478288880297 -3.921744194497214
0.9328784950392989 -3.9832816060269383
0.9339091611905681 -4.046584077347766
0.9349398273418372 -4.111729525699753
0.9359704934931065 -4.178800519859806
0.9370011596443756 -4.247884632531963
0.9380318257956447 -4.319074825266081
0.9390624919469139 -4.392469869462589
0.9400931580981831 -4.468174807472908
0.9411238242494523 -4.546301458322579
0.9421544904007214 -4.626968973177497
0.9431851565519905 -4.710304446356911
0.9442158227032598 -4.796443588483232
0.9452464888545289 -4.8855314692680105
0.9462771550057981 -4.977723338486011
0.9473078211570672 -5.0731855349106345
0.9483384873083364 -5.1720964944060785
0.9493691534596056 -5.274647870029613
0.9503998196108747 -5.381045778937887
0.951430485762144 -5.491512193167149
0.9524611519134131 -5.606286494034468
0.9534918180646822 -5.725627213067292
0.9545224842159514 -5.849813986107905
0.9555531503672205 -5.97914975168094
0.9565838165184898 -6.113963230003676
0.9576144826697589 -6.254611725345282
0.958645148821028 -6.401484302034174
0.9596758149722973 -6.555005393557114
0.9607064811235664 -6.715638915253533
0.9617371472748356 -6.883892964537756
0.9627678134261047 -7.060325208958364
0.9637984795773739 -7.245549082466725
0.9648291457286431 -7.440240934957394
0.9658598118799122 -7.645148310683309
0.9668904780311814 -7.861099569116896
0.9679211441824506 -8.089015109287667
0.9689518103337197 -8.329920518292331
0.9699824764849889 -8.584962040129964
0.971013142636258 -8.855424857052617
0.9720438087875273 -9.14275479866948
0.9730744749387964 -9.448584252812639
0.9741051410900655 -9.774763258576465
0.9751358072413346 -10.12339703239926
0.976166473392604 -10.496891535448341
0.9771971395438731 -10.898009167090228
0.9782278056951422 -11.329937310700968
0.9792584718464113 -11.79637333047002
0.9802891379976805 -12.301630817405556
0.9813198041489498 -12.850773551688974
0.9823504703002189 -13.449786000216378
0.9833811364514881 -14.105792527724606
0.9844118026027572 -14.827342371253694
0.9854424687540263 -15.624784606545555
0.9864731349052956 -16.510768103242228
0.9875038010565648 -17.500917934858926
0.9885344672078339 -18.61476544249915
0.989565133359103 -19.877050324053506
0.9905957995103721 -21.319580761627773
0.9916264656616415 -22.983952069322516
0.9926571318129106 -24.925624664900383
0.9936877979641797 -27.22022638963996
0.9947184641154488 -29.973636220097145
0.995749130266718 -33.338790454376635
0.9967797964179873 -37.54509353810747
0.9978104625692564 -42.9530381698204
0.9988411287205256 -50.1634455117156
0.9998717948717947 -60.25779365333621
1.000902461023064 -75.39903877076354
1.0019331271743332 -100.63407860419451
1.0029637933256024 -151.10360636823776
1.0039944594768715 -302.51108812409797
