1.1 1.2158260119566566 0.02422444776642234
1.2 1.728400942192001 0.027090929963395783
1.3 1.7649190909670172 0.026330962750002254
1.4 1.5621852420330493 0.027634249720238785
1.5 1.5556268400492899 0.02588828111425201
1.6 1.514113550120094 0.024528420472989806
1.7000000000000002 1.7062075987485932 0.027223121535139096
1.8 1.4986299485565733 0.027142153345190892
1.9 1.1967607726800915 0.027367326267395214
2.0 1.6413696263370154 0.026583660098532302
2.1 1.2575748871474646 0.025785533290689222
2.2 1.6408018576380041 0.019811645902238828
2.3 1.6763400206515893 0.023159868401382993
2.4000000000000004 1.5978976651672876 0.02667497791316524
2.5 1.175709411020107 0.026260092808999217
2.6 1.4666056118181312 0.026613899231863115
2.7 1.7644909041399155 0.02291635138865795
2.8 1.24128219426892 0.024896098964030725
2.9000000000000004 1.4033362903765503 0.02468152398166013
3.0 1.995254397714346 0.030011922054069058
3.1 1.132465568848432 0.027893739720673733
3.2 1.6929521351220596 0.026520011790481798
3.3000000000000003 1.1985523177951751 0.024909915191299505
3.4000000000000004 1.8026875107825442 0.026157380547977754
3.5 1.3633480081350906 0.027149234681435326
3.6 1.497961156919779 0.026675130716188634
3.7 1.2777441681952417 0.021927874259172437
3.8000000000000003 1.3923749145424655 0.025569314984487567
3.9000000000000004 2.024319508813413 0.027102968542907748
4.0 1.465995261141298 0.02682280415055649
4.1 1.3122564936094474 0.025982036276858664
4.2 1.3948564804296397 0.023470071382047653
4.300000000000001 1.809909746922837 0.023918660743804825
4.4 0.7562323510861306 0.027914543025832884
4.5 2.0245514438059136 0.024387335811515014
4.6 1.186608295423732 0.024360918263148255
4.7 2.199287467644912 0.027339477889648325
4.800000000000001 1.2923983557224636 0.025471138924512686
4.9 1.346585233481457 0.024470344420121512
5.0 0.5955797497435377 0.024116629142554302
5.1000000000000005 2.6794556527625115 0.022900350999201496
5.2 1.1982181239341247 0.023125048702688007
5.3 1.1688036454342263 0.021007669201441828
5.4 1.4717183112407917 0.02143639316139526
5.5 1.057073718434211 0.023980295208622895
5.6000000000000005 1.8597188970808698 0.025649625919431623
5.7 1.7020832150857916 0.02556625175624371
5.800000000000001 1.4179356542811763 0.024291951428557997
5.9 1.918435313668805 0.024844526055097578
6.0 1.2301284993996875 0.02644201857511182
6.1000000000000005 1.5727835926091154 0.02436974315100842
6.2 1.2889456453262984 0.023461425030720715
6.300000000000001 1.7243016639595063 0.02393895358937127
6.4 1.7999403638842602 0.026895082217957132
6.5 1.5777788436374662 0.025330333807303117
6.6000000000000005 1.5579741558758993 0.026264735297137336
6.7 0.15679240535508454 0.022177492540755777
6.800000000000001 1.9238065566237847 0.025043343294634108
6.9 1.3248147706591287 0.02653035180351834
7.0 1.1011641253831113 0.025500691795468752
7.1000000000000005 2.1375732112349928 0.022043622259554356
7.2 1.3366337833743327 0.024384616835047848
7.300000000000001 1.9747111257965495 0.02810025568107248
7.4 1.2168934687858488 0.022987378753767752
7.5 2.0606339100095177 0.025455045801049132
7.6000000000000005 0.9846559179196338 0.02746892583343539
7.7 1.6766181330329093 0.025716165402767898
7.800000000000001 0.7578546822774217 0.02166777894257569
7.9 2.523142573296946 0.021303843675382596
8.0 0.5841497193466892 0.02433597180941316
8.100000000000001 2.6060519980957495 0.024834036404684248
8.2 0.4255541053246416 0.02461056389262647
8.3 1.2161101288615765 0.022259748921082116
8.4 2.5569714723269943 0.025121253315500178
8.5 0.8003255111085423 0.025458074180101323
8.600000000000001 1.5714183655689016 0.028411299764591336
8.7 0.5786183957922598 0.02162804792454372
8.8 2.437297133171726 0.02323668635081845
8.9 1.6293213773198958 0.022722442493482705
9.0 1.8600735934947 0.024683688152305053
9.1 1.0449931132077455 0.020974463915819162
9.200000000000001 1.0119891473545228 0.02589329852034402
9.3 1.3810547078821727 0.024647858161827137
9.4 2.087906346826561 0.020223410330925153
9.5 0.8966385033422274 0.024077517092786153
9.6 1.1378938692986513 0.029288663477210364
9.700000000000001 1.9510822865415178 0.025023196322079663
9.8 2.68546000050125 0.02392919998668018
9.9 1.1845310564907805 0.026843696449931183
