1.0 1.2287620254409732 1.509856115165803 1.5432399934344763
1.1 1.350344626636639 1.823430610686444 1.852742192483815
1.2 1.523184720855839 2.32009169384868 2.35910263299597
1.3 1.6996766299525408 2.8889006464068263 2.93339997345433
1.4 1.8558951541558455 3.4443468232191496 3.4985099526708177
1.5 2.0114578381607746 4.045962634698417 4.104211267205484
1.6 2.162869193172784 4.6780031467758905 4.740795903186744
1.7000000000000002 2.3334899530476436 5.445175360974294 5.523850182210846
1.8 2.4833529479033007 6.167041863860014 6.2549824406984325
1.9 2.6030290251713097 6.775760105884299 6.874556153709595
2.0 2.7671659878050114 7.657207604064885 7.763542244459014
2.1 2.892923476519758 8.369006240999163 8.482720442811102
2.2 3.0570036622835586 9.345271391215089 9.441159757381925
2.3 3.224637664348717 10.398288066336349 10.520803770179665
2.4000000000000004 3.3844274308654465 11.454349034794486 11.607996907574318
2.5 3.501998371967457 12.263992597262718 12.428118177318963
2.6 3.64865893314927 13.31271201044997 13.492621969257364
2.7 3.8251080235632617 14.631451391928042 14.798511593551359
2.8 3.9492362429901533 15.59646690294698 15.791652318824982
2.9000000000000004 4.089569872027809 16.72458173819755 16.93215335488331
3.0 4.289095311799243 18.396338593698246 18.666445892184868
3.1 4.402341868684086 19.38061392876889 19.648672767484566
3.2 4.571637082196292 20.89986561131223 21.171430532046763
3.3000000000000003 4.69149231397581 22.0101001320941 22.28136910852735
3.4000000000000004 4.871761065054065 23.734055874976715 24.036435194111338
3.5 5.008095865867573 25.081024201719877 25.41360232656746
3.6 5.157891981559551 26.603849693436313 26.949559387518118
3.7 5.2856663983790755 27.938269274953626 28.238461873561697
3.8000000000000003 5.424903889833322 29.42958221392871 29.79880312230471
3.9000000000000004 5.627335840714664 31.66690866419181 32.079144815729435
4.0 5.773935366828793 33.33832962031635 33.767494486725255
4.1 5.905161016189737 34.87092662712701 35.30768465694101
4.2 6.044646664232702 36.53775329541953 36.95176535459885
4.300000000000001 6.225637638924987 38.75856401119948 39.20082004835243
4.4 6.301260874033599 39.70588860262668 40.246314155606804
4.5 6.50371601841419 42.298322048177326 42.792165598360505
4.6 6.622376847956563 43.8558751163511 44.37135214679932
4.7 6.842305594721055 46.817145851551054 47.421074918133385
4.800000000000001 6.971545430293302 48.60244568664342 49.18930072746419
4.9 7.106203953641447 50.49813463074934 51.08566760027646
5.0 7.165761928615801 51.348144017599644 51.9510597461635
5.1000000000000005 7.4337074938920535 55.260007104746876 55.85564523423611
5.2 7.553529306285466 57.055804980913386 57.68110629783407
5.3 7.670409670828888 58.83518451834533 59.42528994621383
5.4 7.817581501952968 61.11458053967722 61.739665764263506
5.5 7.9232888737963885 62.77850657762564 63.503910507686484
5.6000000000000005 8.109260763504476 65.7601101305132 66.56448239934657
5.7 8.279469085013055 68.54960832968692 69.38025584924728
5.800000000000001 8.421262650441173 70.9176646277155 71.73484587377219
5.9 8.613106181808053 74.1855980991001 75.05043605107805
6.0 8.736119031748022 76.31977573686999 77.27168840557401
6.1000000000000005 8.893397391008934 79.09251715440452 79.99931529705354
6.2 9.022291955541563 81.40175213103001 82.30360930921091
6.300000000000001 9.194722121937515 84.54291489964712 85.49305196760926
6.4 9.37471615832594 87.88530304917748 88.986925616825
6.5 9.532494042689686 90.86844267391436 91.93864927727292
6.6000000000000005 9.688291458277277 93.86299138052844 95.00708325007174
6.7 9.703970698812785 94.1670473234171 95.16259496357162
6.800000000000001 9.896351354475165 97.93777013122244 99.09577432516632
6.9 10.028832831541077 100.57748796299622 101.84059801236172
7.0 10.138949244079388 102.798291774018 104.04782567199597
7.1000000000000005 10.352706565202888 107.17853322519498 108.28975222329912
7.2 10.486369943540321 109.96395459278584 111.22805312951472
7.300000000000001 10.683841056119977 114.14445971243484 115.64192233767919
7.4 10.805530402998562 116.75948729012626 118.01827615068258
7.5 11.011593793999513 121.25519788404858 122.6870442103576
7.6000000000000005 11.110059385791477 123.43341955581329 125.02002471195252
7.7 11.277721199094767 127.18699544451151 128.71170689124162
7.800000000000001 11.35350666732251 128.9021136449367 130.220381315803
7.9 11.605820924652203 134.69507933509493 136.02465221887556
8.0 11.664235896586872 136.05439905122574 137.6119012470282
8.100000000000001 11.92484109639645 142.2018351743057 143.83119630281703
8.2 11.967396506928914 143.21857915405437 144.87339347019457
8.3 12.089007519815073 146.14410281414538 147.67757691731873
8.4 12.344704667047772 152.39173331663105 154.16428895057274
8.5 12.424737218158626 154.37409494029615 156.21344079980847
8.600000000000001 12.581879054715518 158.30368054748905 160.40498027807823
8.7 12.639740894294743 159.76304987490687 161.40007682231558
8.8 12.883470607611919 165.98381489720023 167.7832638882076
8.9 13.046402745343908 170.20862459371705 172.0084692636258
9.0 13.232410104693377 175.0966771787914 177.0960559191281
9.1 13.336909416014151 177.87315277096693 179.6100481278359
9.200000000000001 13.438108330749605 180.58275550896195 182.77436429572387
9.3 13.576213801537822 184.31358118506603 186.44537443748246
9.4 13.785004436220477 190.02634730661825 191.8132878434588
9.5 13.8746682865547 192.50642006192672 194.67941597955067
9.6 13.988457673484564 195.6769480828692 198.3761913089289
9.700000000000001 14.183565902138719 201.17354170031214 203.52797424225662
9.8 14.452111902188843 208.8635384333884 211.16169880010918
9.9 14.57056500783792 212.30136464763086 214.93231533668862
